----------LATS-------
[43.6703,43.675,43.6797,43.6844,43.689099999999996,43.693799999999996,43.698499999999996,43.703199999999995,43.707899999999995,43.712599999999995,43.717299999999994,43.721999999999994,43.726699999999994,43.731399999999994,43.73609999999999,43.74079999999999,43.74549999999999,43.75019999999999,43.75489999999999,43.75959999999999,43.76429999999999,43.76899999999999,43.77369999999999,43.77839999999999,43.78309999999999,43.78779999999999,43.79249999999999,43.79719999999999,43.80189999999999,43.80659999999999,43.81129999999999,43.81599999999999,43.82069999999999,43.82539999999999,],
[43.5951,43.5998,43.6045,43.6092,43.6139,43.6186,43.6233,43.628,43.6327,43.6374,43.6421,43.6468,43.6515,43.6562,43.6609,43.6656,43.6703,43.675,43.6797,43.6844,43.689099999999996,43.693799999999996,43.698499999999996,43.703199999999995,43.707899999999995,43.712599999999995,43.717299999999994,43.721999999999994,43.726699999999994,43.731399999999994,43.73609999999999,43.74079999999999,43.74549999999999,43.75019999999999,43.75489999999999,43.75959999999999,43.76429999999999,43.76899999999999,43.77369999999999,43.77839999999999,43.78309999999999,43.78779999999999,],
[43.698499999999996,43.703199999999995,43.707899999999995,43.712599999999995,43.717299999999994,43.721999999999994,43.726699999999994,43.731399999999994,43.73609999999999,43.74079999999999,43.74549999999999,43.75019999999999,43.75489999999999,43.75959999999999,43.76429999999999,43.76899999999999,43.77369999999999,43.77839999999999,43.78309999999999,43.78779999999999,43.79249999999999,43.79719999999999,43.80189999999999,43.80659999999999,43.81129999999999,43.81599999999999,43.82069999999999,43.82539999999999,],
[43.5951,43.5998,43.6045,43.6092,43.6139,43.6186,43.6233,43.628,43.6327,43.6374,43.6421,43.6468,43.6515,43.6562,43.6609,43.6656,43.6703,43.675,43.6797,43.6844,43.689099999999996,43.693799999999996,43.698499999999996,43.703199999999995,43.707899999999995,43.712599999999995,43.717299999999994,43.721999999999994,43.726699999999994,43.731399999999994,43.73609999999999,43.74079999999999,43.74549999999999,43.75019999999999,43.75489999999999,43.75959999999999,43.76429999999999,43.76899999999999,43.77369999999999,43.77839999999999,43.78309999999999,43.78779999999999,43.79249999999999,43.79719999999999,43.80189999999999,43.80659999999999,43.81129999999999,],
[43.6139,43.6186,43.6233,43.628,43.6327,43.6374,43.6421,43.6468,43.6515,43.6562,43.6609,43.6656,43.6703,43.675,43.6797,43.6844,43.689099999999996,43.693799999999996,43.698499999999996,43.703199999999995,43.707899999999995,43.712599999999995,43.717299999999994,43.721999999999994,43.726699999999994,43.731399999999994,],
----------LONGS-------
[-79.58160000000001,-79.53460000000001,-79.497,-79.4688,-79.4406,-79.4124,-79.3936,-79.37480000000001,-79.36540000000001,-79.35600000000001,-79.34660000000001,-79.34660000000001,-79.34660000000001,-79.34660000000001,-79.34660000000001,-79.34660000000001,-79.34660000000001,-79.35600000000001,-79.35600000000001,-79.36540000000001,-79.36540000000001,-79.37480000000001,-79.37480000000001,-79.37480000000001,-79.37480000000001,-79.37480000000001,-79.37480000000001,-79.36540000000001,-79.35600000000001,-79.33720000000001,-79.32780000000001,-79.30900000000001,-79.28080000000001,-79.2526,],
[-79.52520000000001,-79.52520000000001,-79.51580000000001,-79.51580000000001,-79.50640000000001,-79.497,-79.4876,-79.4876,-79.4782,-79.4688,-79.4688,-79.4594,-79.4594,-79.4594,-79.45,-79.45,-79.45,-79.45,-79.45,-79.45,-79.45,-79.45,-79.4594,-79.4594,-79.4594,-79.4594,-79.4594,-79.4594,-79.4594,-79.45,-79.45,-79.4406,-79.4312,-79.4218,-79.4124,-79.3936,-79.36540000000001,-79.34660000000001,-79.30900000000001,-79.28080000000001,-79.2338,-79.1868,],
[-79.1586,-79.1962,-79.215,-79.2338,-79.2526,-79.2526,-79.262,-79.262,-79.2526,-79.2526,-79.2432,-79.2432,-79.2338,-79.2338,-79.2244,-79.2244,-79.2244,-79.215,-79.2244,-79.2244,-79.2244,-79.2338,-79.2338,-79.2432,-79.2526,-79.262,-79.2714,-79.2714,],
[-79.4218,-79.4594,-79.4876,-79.51580000000001,-79.53460000000001,-79.55340000000001,-79.56280000000001,-79.57220000000001,-79.57220000000001,-79.57220000000001,-79.57220000000001,-79.57220000000001,-79.57220000000001,-79.56280000000001,-79.56280000000001,-79.55340000000001,-79.55340000000001,-79.54400000000001,-79.54400000000001,-79.54400000000001,-79.53460000000001,-79.53460000000001,-79.53460000000001,-79.53460000000001,-79.53460000000001,-79.53460000000001,-79.53460000000001,-79.53460000000001,-79.54400000000001,-79.54400000000001,-79.54400000000001,-79.54400000000001,-79.54400000000001,-79.54400000000001,-79.54400000000001,-79.54400000000001,-79.53460000000001,-79.52520000000001,-79.51580000000001,-79.497,-79.4782,-79.45,-79.4218,-79.37480000000001,-79.32780000000001,-79.28080000000001,-79.215,],
[-79.1586,-79.2244,-79.2714,-79.30900000000001,-79.33720000000001,-79.36540000000001,-79.37480000000001,-79.3842,-79.3842,-79.3842,-79.37480000000001,-79.36540000000001,-79.35600000000001,-79.33720000000001,-79.32780000000001,-79.31840000000001,-79.31840000000001,-79.30900000000001,-79.31840000000001,-79.31840000000001,-79.33720000000001,-79.35600000000001,-79.3936,-79.4312,-79.4876,-79.55340000000001,],
